0 6.9132
1 6.6697
2 6.4551
3 6.2472
4 6.0411
5 5.8452
6 5.6679
7 5.5001
8 5.3407
9 5.1996
10 5.0697
11 4.9429
12 4.8252
13 4.7235
14 4.6314
15 4.5451
16 4.4688
17 4.4028
18 4.3429
19 4.2899
20 4.2434
21 4.2002
22 4.1586
23 4.1187
24 4.0804
25 4.0444
26 4.0107
27 3.9786
28 3.9474
29 3.9167
30 3.8868
31 3.8574
32 3.8287
33 3.8008
34 3.7734
35 3.7467
36 3.7205
37 3.6947
38 3.6693
39 3.6446
40 3.6203
41 3.5964
42 3.5734
43 3.5513
44 3.5298
45 3.5089
46 3.4888
47 3.4692
48 3.4500
49 3.4312
50 3.4127
51 3.3946
52 3.3770
53 3.3601
54 3.3436
55 3.3278
56 3.3122
57 3.2968
58 3.2820
59 3.2673
60 3.2528
61 3.2391
62 3.2250
63 3.2119
64 3.1986
65 3.1856
66 3.1732
67 3.1601
68 3.1480
69 3.1358
70 3.1237
71 3.1123
72 3.1009
73 3.0895
74 3.0790
75 3.0675
76 3.0572
77 3.0467
78 3.0364
79 3.0266
80 3.0163
81 3.0069
82 2.9972
83 2.9879
84 2.9788
85 2.9692
86 2.9607
87 2.9512
88 2.9425
89 2.9338
90 2.9249
91 2.9174
92 2.9077
93 2.9007
94 2.8913
95 2.8854
96 3.7923
97 3.7825
98 3.7655
99 3.7460
100 3.7274
101 3.7097
102 3.6914
103 3.6720
104 3.6523
105 3.6331
106 3.6145
107 3.5964
108 3.5788
109 3.5617
110 3.5453
111 3.5296
112 3.5149
113 3.5011
114 3.4877
115 3.4746
116 3.4619
117 3.4499
118 3.4384
119 3.4270
120 3.4161
121 3.4057
122 3.3953
123 3.3851
124 3.3753
125 3.3658
126 3.3564
127 3.3473
128 3.3382
129 3.3293
130 3.3206
131 3.3121
132 3.3037
133 3.2955
134 3.2873
135 3.2794
136 3.2715
137 3.2637
138 3.2561
139 3.2486
140 3.2411
141 3.2337
142 3.2265
143 3.2193
144 3.2123
145 3.2053
146 3.1984
147 3.1916
148 3.1848
149 3.1782
150 3.1716
151 3.1651
152 3.1586
153 3.1523
154 3.1459
155 3.1397
156 3.1335
157 3.1274
158 3.1214
159 3.1154
160 3.1095
161 3.1037
162 3.0979
163 3.0922
164 3.0867
165 3.0813
166 3.0760
167 3.0708
168 3.0657
169 3.0606
170 3.055
171 3.0509
172 3.0462
173 3.0415
174 3.0369
175 3.0325
176 3.0280
177 3.0237
178 3.0194
179 3.0152
180 3.0111
181 3.0070
182 3.0030
183 2.9991
184 2.9952
185 2.9913
186 2.9875
187 2.9838
188 2.9801
189 2.9765
190 2.9729
191 2.9693
192 2.9658
193 2.9623
194 2.9589
195 2.9555
196 2.9521
197 2.9488
198 2.9455
199 2.9423
200 2.9391
201 2.9359
202 2.9328
203 2.9296
204 2.9265
205 2.9235
206 2.9205
207 2.9175
208 2.9145
209 2.9116
210 2.9087
211 2.9058
212 2.9030
213 2.9002
214 2.8974
215 2.8947
216 2.8920
217 2.8893
218 2.8866
219 2.8839
220 2.8813
221 2.8786
222 2.8760
223 2.8735
224 2.8709
225 2.8684
226 2.8659
227 2.8634
228 2.8610
229 2.8585
230 2.8561
231 2.8537
232 2.8513
233 2.8490
234 2.8466
235 2.8443
236 2.8419
237 2.8396
238 2.8373
239 2.8351
240 2.8328
241 2.8306
242 3.2734
243 3.2671
244 3.2583
245 3.2498
246 3.2417
247 3.2326
248 3.2240
249 3.2150
250 3.2060
251 3.1988
252 3.1922
253 3.1854
254 3.1788
255 3.1711
256 3.1651
257 3.1596
258 3.1539
259 3.1480
260 3.1425
261 3.1374
262 3.1320
263 3.1272
264 3.1224
265 3.1177
266 3.1129
267 3.1083
268 3.1039
269 3.0997
270 3.0955
271 3.0910
272 3.0871
273 3.0828
274 3.0789
275 3.0746
276 3.0708
277 3.0668
278 3.0631
279 3.0593
280 3.0554
281 3.0520
282 3.0479
283 3.0443
284 3.0409
285 3.0373
286 3.0335
287 3.0300
288 3.0268
289 3.0232
290 3.0197
291 3.0164
292 3.0128
293 3.0096
294 3.0063
295 3.0032
296 2.9999
297 2.9968
298 2.9934
299 2.9903
300 2.9870
301 2.9839
302 2.9808
303 2.9777
304 2.9751
305 2.9715
306 2.9687
307 2.9653
308 2.9624
309 2.9596
310 2.9567
311 2.9537
312 2.9506
313 2.9477
314 2.9450
315 2.9421
316 2.9393
317 2.9365
318 2.9337
319 2.9310
320 2.9283
321 2.9253
322 2.9228
323 2.9199
324 2.9174
325 2.9147
326 2.9121
327 2.9096
328 2.9069
329 2.9042
330 2.9016
331 2.8991
332 2.8966
333 2.8943
334 2.8915
335 2.8891
336 2.8868
337 2.8841
338 2.8818
339 2.8793
340 2.8768
341 2.8745
342 2.8723
343 2.8695
344 2.8674
345 2.8651
346 2.8628
347 2.8605
348 2.8583
349 2.8558
350 2.8536
351 2.8512
352 2.8488
353 2.8464
354 2.8443
355 2.8426
356 2.8401
357 2.8377
358 2.8357
359 2.8336
360 2.8313
361 2.8291
362 2.8269
363 2.8251
364 2.8226
365 2.8206
366 2.8185
367 2.8165
368 2.8148
369 2.8124
370 2.8103
371 2.8082
372 2.8061
373 2.8041
374 2.8021
375 2.8003
376 2.7981
377 2.7964
378 2.7943
379 2.7922
380 2.7902
381 2.7885
382 2.7863
383 2.7842
384 2.7824
385 2.7803
386 2.7787
387 2.7765
388 2.7748
389 2.7726
390 2.7708
391 2.7686
392 2.7669
393 2.7651
394 2.7631
395 2.7614
396 2.7595
397 2.7574
398 2.7557
399 2.7540
400 2.7518
401 2.7504
402 2.7485
403 2.7467
404 2.7449
405 2.7433
406 2.7413
407 2.7397
408 2.7380
409 2.7361
410 2.7345
411 2.7327
412 2.7310
413 2.7292
414 2.7275
415 2.7256
416 2.7241
417 2.7224
418 2.7205
419 2.7189
420 2.7173
421 2.7157
422 2.7140
423 2.7123
424 2.7108
425 2.7090
426 2.7073
427 2.7057
428 2.7043
429 2.7023
430 2.7008
431 2.6991
432 2.6977
433 2.6957
434 2.6942
435 2.6928
436 2.6911
437 2.6895
438 2.6875
439 2.6863
440 2.6849
441 2.6828
442 2.6813
443 2.6796
444 2.6782
445 2.6767
446 2.6749
447 2.6734
448 2.6719
449 2.6704
450 2.6689
451 2.6672
452 2.6660
453 2.6643
454 2.6625
455 2.6611
456 2.6600
457 2.6580
458 2.6567
459 2.6554
460 2.6538
461 2.6523
462 2.6506
463 2.6491
464 2.6478
465 2.6462
466 2.6447
467 2.6433
468 2.6417
469 2.6404
470 2.6388
471 2.6373
472 2.6360
473 2.6345
474 2.6330
475 2.6318
476 2.6302
477 2.6290
478 2.6276
479 2.6260
480 2.6248
481 2.6231
482 2.6218
483 2.6204
484 2.6191
485 2.6176
486 2.6161
487 2.6148
488 2.6136
489 2.6120
490 2.6110
491 2.6095
492 2.6081
493 2.6065
494 2.6054
495 2.6038
496 2.6025
497 2.6009
498 2.5998
499 2.5983
500 2.5969
501 2.5957
502 2.5944
503 2.5927
504 2.5916
505 2.5903
506 2.5891
507 2.5875
508 2.5864
509 2.5848
510 2.5836
511 2.5821
512 2.5810
513 2.5796
514 2.5782
515 2.5767
516 2.5758
517 2.5742
518 2.5728
519 2.5718
520 2.5704
521 2.5693
522 2.5681
523 2.5667
524 2.5655
525 2.5643
526 2.5626