0 6.9345
1 6.6940
2 6.4742
3 6.2573
4 6.0398
5 5.8288
6 5.6364
7 5.4694
8 5.3222
9 5.1841
10 5.0486
11 4.9159
12 4.7929
13 4.6876
14 4.5989
15 4.5176
16 4.4417
17 4.3757
18 4.3188
19 4.2667
20 4.2191
21 4.1765
22 4.1367
23 4.0985
24 4.0615
25 4.0256
26 3.9916
27 3.9590
28 3.9279
29 3.8980
30 3.8681
31 3.8391
32 3.8106
33 3.7826
34 3.7556
35 3.7294
36 3.7038
37 3.6786
38 3.6539
39 3.6296
40 3.6057
41 3.5821
42 3.5588
43 3.5360
44 3.5141
45 3.4935
46 3.4729
47 3.4532
48 3.4342
49 3.4159
50 3.3983
51 3.3815
52 3.3646
53 3.3481
54 3.3322
55 3.3167
56 3.3013
57 3.2873
58 3.2728
59 3.2596
60 3.2462
61 3.2331
62 3.2200
63 3.2076
64 3.1956
65 3.1832
66 3.1714
67 3.1598
68 3.1481
69 3.1368
70 3.1255
71 3.1150
72 3.1039
73 3.0931
74 3.0827
75 3.0726
76 3.0621
77 3.0528
78 3.0421
79 3.0337
80 3.0228
81 3.0156
82 3.0039
83 2.9966
84 2.9859
85 2.9801
86 2.9713
87 2.9620
88 2.9557
89 2.9469
90 2.9420
91 2.9351
92 2.9262
93 2.9218
94 2.9139
95 2.9078
96 2.9022
97 2.8947
98 2.8915
99 2.8843
100 2.8792
101 2.8734
102 2.8674
103 2.8616
104 2.8567
105 2.8496
106 2.8458
107 2.8395
108 2.8329
109 2.8292
110 2.8216
111 2.8200
112 2.8126
113 2.8081
114 2.8024
115 2.7973
116 2.7914
117 2.7870
118 2.7815
119 2.7767
120 2.7716
121 2.7672
122 2.7619
123 2.7578
124 2.7521
125 2.7489
126 2.7433
127 2.7388
128 2.7339
129 2.7293
130 2.7239
131 2.7204
132 2.7143
133 2.7119
134 2.7059
135 2.7016
136 2.6964
137 2.6920
138 2.6869
139 2.6829
140 2.6784
141 2.6733
142 2.6701
143 2.6636
144 2.6599
145 2.6557
146 2.6513
147 2.6467
148 2.6419
149 2.6395
150 2.6335
151 2.6289
152 2.6254
153 2.6219
154 2.6156
155 2.6129
156 2.6074
157 2.6063
158 2.6002
159 2.5953
160 2.5950
161 2.5853
162 2.5954
163 2.5916
164 2.5796
165 2.5747
166 2.5760
167 2.5692
168 2.5635
169 2.5629
170 2.5560
171 2.5552
172 2.5519
173 2.5470
174 2.5460
175 2.5405
176 2.5392
177 2.5361
178 2.5307
179 2.5325
180 2.5274
181 2.5255
182 2.5214
183 2.5212
184 2.5127
185 2.5221
186 2.5178
187 2.5059
188 2.5085
189 2.5015
190 2.5020
191 2.4975
192 2.4963
193 2.4917
194 2.4909
195 2.4873
196 2.4835
197 2.4819
198 2.4768
199 2.4771
200 2.4723
201 2.4713
202 2.4685
203 2.4637
204 2.4630
205 2.4571
206 2.4590
207 2.4538
208 2.4526
209 2.4485
210 2.4471
211 2.4420
212 2.4420
213 2.4377
214 2.4346
215 2.4319
216 2.4281
217 2.4261
218 2.4225
219 2.4204
220 2.4171
221 2.4133
222 2.4126
223 2.4084
224 2.4057
225 2.4020
226 2.4005
227 2.3956
228 2.3954
