0 6.8477
1 6.6290
2 6.9668
3 6.4563
4 4.8856
5 4.4620
6 4.2123
7 3.8646
8 3.6021
9 3.4532
10 3.3788
11 3.2864
12 3.1908
13 3.1040
14 3.0404
15 2.9795
16 2.9140
17 2.8631
18 2.8025
19 2.7508
20 2.7120
21 2.6617
22 2.6266
23 2.5836
24 2.5539
25 2.5188
26 2.4850
27 2.4509
28 2.4212
29 2.3914
30 2.3593
31 2.3326
32 2.3030
33 2.2768
34 2.2496
35 2.2330
36 2.2012
37 2.1851
38 2.1610
39 2.1323
40 2.1188
41 2.0900
42 2.0740
43 2.0485
44 2.0434
45 2.0121
46 2.0045
47 1.9952
48 1.9623
49 1.9411
50 1.9274
51 1.8964
52 1.8856
53 1.8630
54 1.8500
55 1.8229
56 1.8203
57 1.8007
58 1.7680
59 1.7580
60 1.7429
61 1.7190
62 1.7004
63 1.6844
64 1.6611
65 1.6383
66 1.6350
67 1.6061
68 1.6180
69 1.5965
70 1.5633
71 1.5506
72 1.5355
73 1.5325
74 1.5011
75 1.4948
76 1.4828
77 1.4542
78 1.4616
79 1.4388
80 1.4176
81 1.4116
82 1.3960
83 1.3770
84 1.3713
85 1.3474
86 1.3546
87 1.3277
88 1.3299
89 1.3101
90 1.3109
91 1.2853
92 1.2855
93 1.2785
94 1.2509
95 1.2477
96 1.2347
97 1.2181
98 1.2142
99 1.1976
100 1.1849
101 1.1784
102 1.1628
103 1.1744
104 1.1470
105 1.1530
106 1.1285
107 1.1375
108 1.1148
109 1.1201
110 1.1118
111 1.0832
112 1.0909
113 1.0841
114 1.0604
115 1.0573
116 1.0476
117 1.0371
118 1.0287
119 1.0177
120 1.0189
121 0.9975
122 0.9993
123 0.9969
124 0.9806
125 0.9769
126 0.9698
127 0.9539
128 0.9484
129 0.9486
130 0.9334
131 0.9366
132 0.9240
133 0.9222
134 0.9116
135 0.9142
136 0.8989
137 0.9049
138 0.8862
139 0.8906
140 0.8797
141 0.8773
142 0.8647
143 0.8656
144 0.8588
145 0.8521
146 0.8543
147 0.8394
148 0.8444
149 0.8306
150 0.8420
151 0.8285
152 0.8315
153 0.8197
154 0.8232
155 0.8150
156 0.8074
157 0.8023
158 0.8052
159 0.7921
160 0.7886
161 0.7836
162 0.7794
163 0.7703
164 0.7762
165 0.7638
166 0.7687
167 0.7687
168 0.7467
169 0.7776
170 0.7515
171 0.7923
172 0.7917
173 0.7632
174 0.7585
175 0.7636
176 0.7395
177 0.7574
178 0.7578
179 0.7278
180 0.7396
181 0.7382
182 0.7245
183 0.7266
184 0.7160
185 0.7085
186 0.7142
187 0.7114
