0 6.9847
1 5.8834
2 6.2109
3 5.6539
4 4.8992
5 5.2360
6 4.3527
7 3.8473
8 3.6155
9 3.4989
10 3.3638
11 3.2843
12 3.1952
13 3.1195
14 3.0391
15 2.9797
16 2.9014
17 2.8523
18 2.7977
19 2.7506
20 2.7036
21 2.6559
22 2.6130
23 2.5798
24 2.5305
25 2.4960
26 2.4526
27 2.4240
28 2.3816
29 2.3575
30 2.3218
31 2.2939
32 2.2647
33 2.2306
34 2.2050
35 2.1695
36 2.1498
37 2.1168
38 2.0937
39 2.0672
40 2.0515
41 2.0301
42 2.0011
43 1.9729
44 1.9615
45 1.9275
46 1.9210
47 1.8888
48 1.8830
49 1.8588
50 1.8325
51 1.8173
52 1.7767
53 1.7738
54 1.7435
55 1.7176
56 1.7040
57 1.6893
58 1.6408
59 1.6452
60 1.6164
61 1.5889
62 1.5789
63 1.5577
64 1.5231
65 1.5125
66 1.4865
67 1.4530
68 1.4478
69 1.4228
70 1.3998
71 1.3740
72 1.3634
73 1.3338
74 1.3131
75 1.3033
76 1.2722
77 1.2666
78 1.2398
79 1.2374
80 1.2104
81 1.1823
82 1.1679
83 1.1492
84 1.1364
85 1.1129
86 1.0960
87 1.0772
88 1.0630
89 1.0394
90 1.0368
91 1.0052
92 1.0253
93 0.9864
94 0.9992
95 0.9653
96 0.9584
97 0.9359
98 0.9367
99 0.9135
100 0.8953
101 0.8858
102 0.8592
103 0.8627
104 0.8323
105 0.8221
106 0.8177
107 0.7956
108 0.7927
109 0.7792
110 0.7585
111 0.7548
112 0.7246
113 0.7390
114 0.7136
115 0.7031
116 0.6977
117 0.6760
118 0.6701
119 0.6596
120 0.6541
121 0.6581
122 0.6251
123 0.6372
124 0.6106
125 0.6124
126 0.6036
127 0.5853
128 0.5754
129 0.5687
130 0.5585
131 0.5552
132 0.5396
133 0.5392
134 0.5224
135 0.5274
136 0.5171
137 0.5055
138 0.5005
139 0.5081
140 0.4801
141 0.4835
142 0.4773
143 0.4741
144 0.4688
145 0.4606
146 0.4473
147 0.4466
148 0.4320
149 0.4430
150 0.4329
151 0.4298
152 0.4167
153 0.4132
154 0.4172
155 0.4055
156 0.3996
157 0.3867
158 0.4062
159 0.3838
160 0.3970
161 0.3754
162 0.3973
163 0.3815
164 0.3778
165 0.3808
166 0.3674
167 0.3762
168 0.3586
169 0.3654
170 0.3643
171 0.3539
172 0.3503
173 0.3507
174 0.3366
175 0.3488
176 0.3337
177 0.3466
178 0.3284
179 0.3525
180 0.3448
181 0.3277
182 0.3410
183 0.3321
184 0.3276
185 0.3217
186 0.3260
187 0.3182
188 0.3172
189 0.3246
190 0.3261
191 0.3182
192 0.3116
193 0.3080
194 0.3039
195 0.3043
196 0.2985
197 0.3002
198 0.2992
199 0.2950
200 0.2961
201 0.2914
202 0.2888
203 0.2895
204 0.2873
205 0.2834
206 0.2796
207 0.2855
208 0.2769
209 0.2839
210 0.2721
211 0.2789
212 0.2688
213 0.2993
214 0.2905
215 0.2944
216 0.2902
217 0.2914
218 0.2821
219 0.2774
220 0.2801
221 0.2749
222 0.2760
223 0.2750
224 0.2750
225 0.2752
226 0.2676
227 0.2660
228 0.2674
229 0.2601
230 0.2622
231 0.2608
232 0.2583
233 0.2564
234 0.2568
235 0.2537
236 0.2611
237 0.2498
238 0.2553
239 0.2498
240 0.2494
241 0.2451
242 0.2489
243 0.2425
244 0.2474
245 0.2443
246 0.2472
247 0.2409
248 0.2441
249 0.2393
250 0.2427
251 0.2398
252 0.2393
253 0.2360
254 0.2385
255 0.2364
