0 6.9207
1 6.8906
2 6.8608
3 6.8313
4 6.8021 
5 6.7732
6 6.7446
7 6.7162
8 6.6881
9 6.6600 
10 6.6322
13 6.5494
14 6.5219 
15 6.4946
16 6.4672
17 6.4399
18 6.4126
19 6.3854 
20 6.3581
21 6.3308
22 6.3035
23 6.2762
24 6.2488 
25 6.2215
26 6.1941
27 6.1667
28 6.1393
29 6.1118 
30 6.0844 
31 6.0569
32 6.0294
33 6.0019
34 5.9744
35 5.9469
36 5.9193
37 5.8917
38 5.8641
39 5.8364
40 5.8087
41 5.7809
42 5.7532
43 5.7254
44 5.6975
45 5.6697
46 5.6418
47 5.6140
48 5.5861
49 5.5583
50 5.5305
51 5.5028
52 5.4751
53 5.4475
54 5.4200
55 5.3925
56 5.3651
57 5.3379
58 5.3107
59 5.2837
60 5.2568
61 5.2300
62 5.2034
63 5.1770
64 5.1507
65 5.1247
66 5.0988
67 5.0732
68 5.0477
69 5.0226
70 4.9976
71 4.9729
72 4.9485
73 4.9243
74 4.9005
75 4.8769
76 4.8537
77 4.8307
78 4.8081
79 4.7858
80 4.7639
81 4.7423
82 4.7210
83 4.7001
84 4.6796
85 4.6594
86 4.6395
87 4.6200
88 4.6009
89 4.5821
90 4.5637
91 4.5456
92 4.5279
93 4.5105
94 4.4934
95 4.4766
96 4.4601
97 4.4439
98 4.4280
99 4.4124
100 4.3970
101 4.3819
102 4.3671
103 4.3524
104 4.3380
105 4.3238
106 4.3099
107 4.2961
108 4.2826
109 4.2693
110 4.2561
111 4.2431
112 4.2304
113 4.2178
114 4.2053
115 4.1931
116 4.1809
117 4.1689
118 4.1571
119 4.1454
120 4.1338
121 4.1223
122 4.1109
123 4.0997
124 4.0885
125 4.0774
126 4.0664
127 4.0555
128 4.0446
129 4.0339
130 4.0232
131 4.0126
132 4.0020
133 3.9916
134 3.9812
135 3.9710
136 3.9608
137 3.9507
138 3.9408
139 3.9309
140 3.9212
141 3.9116
142 3.9021
143 3.8927
144 3.8834
145 3.8743
146 3.8652
147 3.8563
148 3.8475
149 3.8388
150 3.8302
151 3.8217
152 3.8133
153 3.8050
154 3.7968
155 3.7887
156 3.7807
157 3.7727
158 3.7649
159 3.7571
160 3.7494
161 3.7418
162 3.7342
163 3.7267
164 3.7193
165 3.7120
166 3.7047
167 3.6974
168 3.6903
169 3.6832
170 3.6762
171 3.6692
172 3.6623
173 3.6554
174 3.6486
175 3.6419
176 3.6352
177 3.6286
178 3.6220
179 3.6154
180 3.6090
181 3.6025
182 3.5961
183 3.5898
184 3.5835
185 3.5773
186 3.5711
187 3.5649
188 3.5588
189 3.5527
190 3.5467
191 3.5407
192 3.5348
193 3.5288
194 3.5230
195 3.5171
196 3.5113
197 3.5056
198 3.4998
199 3.4941
200 3.4885
201 3.4829
202 3.4773
203 3.4717
204 3.4662
205 3.4607
206 3.4552
207 3.4498
208 3.4444
209 3.4390
210 3.4336
211 3.4283
212 3.4230
213 3.4177
214 3.4125
215 3.4073
216 3.4021
217 3.3969
218 3.3918
219 3.3867
220 3.3816
221 3.3765
222 3.3715
223 3.3665
224 3.3615
225 3.3565
226 3.3516
227 3.3466
228 3.3417
229 3.3369
230 3.3320
231 3.3272
232 3.3224
233 3.3176
234 3.3128
235 3.3081
236 3.3034
237 3.2987
238 3.2940
239 3.2893
240 3.2847
241 3.2801
242 3.2755
243 3.2709
244 3.2664
245 3.2618
246 3.2573
247 3.2528
248 3.2483
249 3.2439
250 3.2394
251 3.2350
252 3.2306
253 3.2262
254 3.2218
255 3.2174
256 3.2131
257 3.2087
258 3.2044
259 3.2001
260 3.1958
261 3.1916
262 3.1873
263 3.1831
264 3.1788
265 3.1746
266 3.1704
267 3.1662
268 3.1621
269 3.1579
270 3.1537
271 3.1496
272 3.1455
273 3.1414
274 3.1373
275 3.1332
276 3.1291
277 3.1250
278 3.1210
279 3.1170
280 3.1129
281 3.1089
282 3.1049
283 3.1009
284 3.0969
285 3.0930
286 3.0890
287 3.0851
288 3.0811
289 3.0772
290 3.0733
291 3.0694
292 3.0655
293 3.0616
294 3.0577
295 3.0539
296 3.0500
297 3.0462
298 3.0424
299 3.0385
300 3.0347
301 3.0309
302 3.0271
303 3.0234
304 3.0196
305 3.0158
306 3.0121
307 3.0084
308 3.0046
309 3.0009
310 2.9972
311 2.9935
312 2.9898
313 2.9862
314 2.9825
315 2.9788
316 2.9752
317 2.9716
318 2.9680
319 2.9643
320 2.9608
321 2.9572
322 2.9536
323 2.9500
324 2.9464
325 2.9429
326 2.9394
327 2.9358
328 2.9323
329 2.9288
330 2.9253
331 2.9219
332 2.9186
333 2.9153
334 2.9121
335 2.9088
336 2.9056
337 2.9024
338 2.8992
339 2.8961
340 2.8930
341 2.8900
342 2.8870
343 2.8839
344 2.8809
345 2.8780
346 2.8750
347 2.8721
348 2.8692
349 2.8664
350 2.8635
351 2.8607
352 2.8579
353 2.8551
354 2.8523
355 2.8495
356 2.8468
357 2.8441
358 2.8413
359 2.8387
360 2.8360
361 2.8334
362 2.8308
363 2.8281
364 2.8255
365 2.8230
366 2.8204
367 2.8178
368 2.8153
369 2.8128
370 2.8102
371 2.8077
372 2.8053
373 2.8028
374 2.8003
375 2.7979
376 2.7954
377 2.7930
378 2.7906
379 2.7882
380 2.7858
381 2.7834
382 2.7810
383 2.7787
384 2.7763
385 2.7740
386 2.7716
387 2.7693
388 2.7670
389 2.7647
390 2.7624
391 2.7601
392 2.7579
393 2.7556
394 2.7533
395 2.7511
396 2.7489
397 2.7467
398 2.7445
399 2.7423
400 2.7401
401 2.7379
402 2.7357
403 2.7336
404 2.7314
405 2.7293
406 2.8534
407 2.8512
408 2.8483
409 2.8459
410 2.8434
411 2.8411
412 2.8390
413 2.8369
414 2.8348
415 2.8325
416 2.8306
417 2.8282
418 2.8264
419 2.8241
420 2.8224
421 2.8203
422 2.8183
423 2.8164
424 2.8143
425 2.8123
426 2.8101
427 2.8081
428 2.8060
429 2.8040
430 2.8021
431 2.7998
432 2.7979
433 2.7958
434 2.7936
435 2.7917
436 2.7895
437 2.7875
438 2.7855
439 2.7832
440 2.7810
441 2.7789
442 2.7768
443 2.7747
444 2.7722
445 2.7702
446 2.7679
447 2.7658
448 2.7637
449 2.7613
450 2.7593
451 2.7570
452 2.7547
453 2.7525
454 2.7504
455 2.7480
456 2.7460
457 2.7438
458 2.7415
459 2.7392
460 2.7371
461 2.7349
462 2.7328
463 2.7306
464 2.7282
465 2.7261
466 2.7238
467 2.7220
468 2.7198
469 2.7177
470 2.7155
471 2.7133
472 2.7113
473 2.7094
474 2.7069
475 2.7052
476 2.7031
477 2.7009
478 2.6988
479 2.6969
480 2.6948
481 2.6928
482 2.6907
483 2.6888
484 2.6867
485 2.6847
486 2.6828
487 2.6808
488 2.6787
489 2.6769
490 2.6748
491 2.6727
492 2.6708
493 2.6688
494 2.6669
495 2.6650
496 2.6631
497 2.6611
498 2.6590
499 2.6572
500 2.6552
501 2.6535
502 2.6515
503 2.6497
504 2.6477
505 2.6459
506 2.6440
507 2.6421
508 2.6402
509 2.6386
510 2.6366
511 2.6347
512 2.6330
513 2.6312
514 2.6295
515 2.6275
516 2.6257
517 2.6240
518 2.6223
519 2.6202
520 2.6187
521 2.6168
522 2.6151
523 2.6132
524 2.6115
525 2.6098
526 2.6081
527 2.6062
528 2.6047
529 2.6027
530 2.6010
531 2.5992
532 2.5974
533 2.5957
534 2.5941
535 2.5923
536 2.5904
537 2.5889
538 2.5870
539 2.5854
540 2.5838
541 2.5819
542 2.5803
543 2.5787
544 2.5769
545 2.5753
546 2.5737
547 2.5718
548 2.5703
549 2.5686
550 2.5668
551 2.5652
552 2.5635
553 2.5621
554 2.5604
555 2.5585
556 2.5570
557 2.5554
558 2.5537
559 2.5522
560 2.5505
561 2.5489
562 2.5475
563 2.5457
564 2.5443
565 2.5428
566 2.5413
567 2.5396
568 2.5381
569 2.5365
570 2.5349
571 2.5336
572 2.5322
573 2.5306
574 2.5290
575 2.5276
576 2.5261
577 2.5245
578 2.5230
579 2.5217
580 2.5201
581 2.5184
582 2.5170
583 2.5157
584 2.5141
585 2.5127
586 2.5113
587 2.5097
588 2.5084
589 2.5069
590 2.5054
591 2.5040
592 2.5026
593 2.5011
594 2.4995
595 2.4982
596 2.4968
597 2.4954
598 2.4939
599 2.4925
600 2.4911
601 2.4897
602 2.4882
603 2.4869
604 2.4854
605 2.4838
606 2.4825
607 2.4809
608 2.4794
609 2.4781
610 2.4766
611 2.4752
612 2.4738
613 2.4723
614 2.4711
615 2.4695
616 2.4680
617 2.4667
618 2.4652
619 2.4640
620 2.4622
621 2.4611
622 2.4598
623 2.4584
624 2.4570
625 2.4556
626 2.4541
627 2.4529
628 2.4513
629 2.4500
630 2.4486
631 2.4475
632 2.4461
633 2.4447
634 2.4435
635 2.4421
636 2.4408
637 2.4395
638 2.4381
639 2.4369
640 2.4359
641 2.4347
642 2.4332
643 2.4319
644 2.4305
645 2.4294
646 2.4279
647 2.4269
648 2.4254
649 2.4240
650 2.4231
651 2.4217
652 2.4203
653 2.4189
654 2.4178
655 2.4167
656 2.4153
657 2.4140
658 2.4128
659 2.4113
660 2.4102
661 2.4086
662 2.4073
663 2.4062
664 2.4050
665 2.4036
666 2.4023
667 2.4009
668 2.3998
669 2.3984
670 2.3973
671 2.3961
