0 6.9207
1 6.8906
2 6.8608
3 6.8313
4 6.8021 
5 6.7732
6 6.7446
7 6.7162
8 6.6881
9 6.6600 
10 6.6322
13 6.5494
14 6.5219 
15 6.4946
16 6.4672
17 6.4399
18 6.4126
19 6.3854 
20 6.3581
21 6.3308
22 6.3035
23 6.2762
24 6.2488 
25 6.2215
26 6.1941
27 6.1667
28 6.1393
29 6.1118 
30 6.0844 
31 6.0569
32 6.0294
33 6.0019
34 5.9744
35 5.9469
36 5.9193
37 5.8917
38 5.8641
39 5.8364
40 5.8087
41 5.7809
42 5.7532
43 5.7254
44 5.6975
45 5.6697
46 5.6418
47 5.6140
48 5.5861
49 5.5583
50 5.5305
51 5.5028
52 5.4751
53 5.4475
54 5.4200
55 5.3925
56 5.3651
57 5.3379
58 5.3107
59 5.2837
60 5.2568
61 5.2300
62 5.2034
63 5.1770
64 5.1507
65 5.1247
66 5.0988
67 5.0732
68 5.0477
69 5.0226
70 4.9976
71 4.9729
72 4.9485
73 4.9243
74 4.9005
75 4.8769
76 4.8537
77 4.8307
78 4.8081
79 4.7858
80 4.7639
81 4.7423
82 4.7210
83 4.7001
84 4.6796
85 4.6594
86 4.6395
87 4.6200
88 4.6009
89 4.5821
90 4.5637
91 4.5456
92 4.5279
93 4.5105
94 4.4934
95 4.4766
96 4.4601
97 4.4439
98 4.4280
99 4.4124
100 4.3970
101 4.3819
102 4.3671
103 4.3524
104 4.3380
105 4.3238
106 4.3099
107 4.2961
108 4.2826
109 4.2693
110 4.2561
111 4.2431
112 4.2304
113 4.2178
114 4.2053
115 4.1931
116 4.1809
117 4.1689
118 4.1571
119 4.1454
120 4.1338
121 4.1223
122 4.1109
123 4.0997
124 4.0885
125 4.0774
126 4.0664
127 4.0555
128 4.0446
129 4.0339
130 4.0232
131 4.0126
132 4.0020
133 3.9916
134 3.9812
135 3.9710
136 3.9608
137 3.9507
138 3.9408
139 3.9309
140 3.9212
141 3.9116
142 3.9021
143 3.8927
144 3.8834
145 3.8743
146 3.8652
147 3.8563
148 3.8475
149 3.8388
150 3.8302
151 3.8217
152 3.8133
153 3.8050
154 3.7968
155 3.7887
156 3.7807
157 3.7727
158 3.7649
159 3.7571
160 3.7494
161 3.7418
162 3.7342
163 3.7267
164 3.7193
165 3.7120
166 3.7047
167 3.6974
168 3.6903
169 3.6832
170 3.6762
171 3.6692
172 3.6623
173 3.6554
174 3.6486
175 3.6419
176 3.6352
177 3.6286
178 3.6220
179 3.6154
180 3.6090
181 3.6025
182 3.5961
183 3.5898
184 3.5835
185 3.5773
186 3.5711
187 3.5649
188 3.5588
189 3.5527
190 3.5467
191 3.5407
192 3.5348
193 3.5288
194 3.5230
195 3.5171
196 3.5113
197 3.5056
198 3.4998
199 3.4941
200 3.4885
201 3.4829
202 3.4773
203 3.4717
204 3.4662
205 3.4607
206 3.4552
207 3.4498
208 3.4444
209 3.4390
210 3.4336
211 3.4283
212 3.4230
213 3.4177
214 3.4125
215 3.4073
216 3.4021
217 3.3969
218 3.3918
219 3.3867
220 3.3816
221 3.3765
222 3.3715
223 3.3665
224 3.3615
225 3.3565
226 3.3516
227 3.3466
228 3.3417
229 3.3369
230 3.3320
231 3.3272
232 3.3224
233 3.3176
234 3.3128
235 3.3081
236 3.3034
237 3.2987
238 3.2940
239 3.2893
240 3.2847
241 3.2801
242 3.2755
243 3.2709
244 3.2664
245 3.2618
246 3.2573
247 3.2528
248 3.2483
249 3.2439
250 3.2394
251 3.2350
252 3.2306
253 3.2262
254 3.2218
255 3.2174
256 3.2131
257 3.2087
258 3.2044
259 3.2001
260 3.1958
261 3.1916
262 3.1873
263 3.1831
264 3.1788
265 3.1746
266 3.1704
267 3.1662
268 3.1621
269 3.1579
270 3.1537
271 3.1496
272 3.1455
273 3.1414
274 3.1373
275 3.1332
276 3.1291
277 3.1250
278 3.1210
279 3.1170
280 3.1129
281 3.1089
282 3.1049
283 3.1009
284 3.0969
285 3.0930
286 3.0890
287 3.0851
288 3.0811
289 3.0772
290 3.0733
291 3.0694
292 3.0655
293 3.0616
294 3.0577
295 3.0539
296 3.0500
297 3.0462
298 3.0424
299 3.0385
300 3.0347
301 3.0309
302 3.0271
303 3.0234
304 3.0196
305 3.0158
306 3.0121
307 3.0084
308 3.0046
309 3.0009
310 2.9972
311 2.9935
312 2.9898
313 2.9862
314 2.9825
315 2.9788
316 2.9752
317 2.9716
318 2.9680
319 2.9643
320 2.9608
321 2.9572
322 2.9536
323 2.9500
324 2.9464
325 2.9429
326 2.9394
327 2.9358
328 2.9323
329 2.9288
330 2.9253
331 2.9219
332 2.9186
333 2.9153
334 2.9121
335 2.9088
336 2.9056
337 2.9024
338 2.8992
339 2.8961
340 2.8930
341 2.8900
342 2.8870
343 2.8839
344 2.8809
345 2.8780
346 2.8750
347 2.8721
348 2.8692
349 2.8664
350 2.8635
351 2.8607
352 2.8579
353 2.8551
354 2.8523
355 2.8495
356 2.8468
357 2.8441
358 2.8413
359 2.8387
360 2.8360
361 2.8334
362 2.8308
363 2.8281
364 2.8255
365 2.8230
366 2.8204
367 2.8178
368 2.8153
369 2.8128
370 2.8102
371 2.8077
372 2.8053
373 2.8028
374 2.8003
375 2.7979
376 2.7954
377 2.7930
378 2.7906
379 2.7882
380 2.7858
381 2.7834
382 2.7810
383 2.7787
384 2.7763
385 2.7740
386 2.7716
387 2.7693
388 2.7670
389 2.7647
390 2.7624
391 2.7601
392 2.7579
393 2.7556
394 2.7533
395 2.7511
396 2.7489
397 2.7467
398 2.7445
399 2.7423
400 2.7401
401 2.7379
402 2.7357
403 2.7336
404 2.7314
405 2.7293
406 2.7271
407 2.7250
408 2.7229
409 2.7208
410 2.7187
411 2.7167
412 2.7146
413 2.7125
414 2.7104
415 2.7084
416 2.7063
417 2.7043
418 2.7023
419 2.7003
420 2.6983
421 2.6963
422 2.6943
423 2.6924
424 2.6904
425 2.6884
426 2.6865
427 2.6845
428 2.6826
429 2.6807
430 2.6788
431 2.6769
432 2.6750
433 2.6731
434 2.6712
435 2.6694
436 2.6675
437 2.6656
438 2.6638
439 2.6620
440 2.6601
441 2.6583
442 2.6565
443 2.6547
444 2.6529
445 2.6511
446 2.6493
447 2.6475
448 2.6457
449 2.6440
450 2.6422
451 2.6405
452 2.6387
453 2.6370
454 2.6353
455 2.6335
456 2.6318
457 2.6301
458 2.6284
459 2.6267
460 2.6250
461 2.6233
462 2.6216
463 2.6200
464 2.6183
465 2.6166
466 2.6150
467 2.6133
468 2.6117
469 2.6100
470 2.6084
471 2.6068
472 2.6051
473 2.6035
474 2.6019
475 2.6003
476 2.5987
477 2.5971
478 2.5955
479 2.5940
480 2.5924
481 2.5908
482 2.5892
483 2.5877
484 2.5861
485 2.5846
486 2.5830
487 2.5815
488 2.5800
489 2.5785
490 2.5769
491 2.5755
492 2.5739
493 2.5725
494 2.5710
495 2.5695
496 2.5680
497 2.5665
498 2.5650
499 2.5635
500 2.5620
501 2.5606
502 2.5591
503 2.5576
504 2.5561
505 2.5547
506 2.5532
507 2.5518
508 2.5504
509 2.5489
510 2.5475
511 2.5461
512 2.5446
513 2.5432
514 2.5418
515 2.5404
516 2.5390
517 2.5376
518 2.5362
519 2.5349
520 2.5335
521 2.5321
522 2.5307
523 2.5293
524 2.5280
525 2.5266
526 2.5253
527 2.5239
528 2.5225
529 2.5212
530 2.5198
531 2.5185
532 2.5172
533 2.5158
534 2.5145
535 2.5132
536 2.5119
537 2.5105
538 2.5092
539 2.5079
540 2.5066
541 2.5053
542 2.5040
543 2.5027
544 2.5014
545 2.5001
546 2.4988
547 2.4975
548 2.4962
549 2.4949
550 2.4936
551 2.4923
552 2.4911
553 2.4898
554 2.4885
555 2.4872
556 2.4860
557 2.4847
558 2.4834
559 2.4822
560 2.4809
561 2.4797
562 2.4784
563 2.4772
564 2.4760
565 2.4747
566 2.4735
567 2.4723
568 2.4710
569 2.4698
570 2.4686
571 2.4674
572 2.4661
573 2.4649
574 2.4637
575 2.4625
576 2.4613
577 2.4601
578 2.4589
579 2.4577
580 2.4565
581 2.4553
582 2.4542
583 2.4530
584 2.4518
585 2.4506
586 2.4494
587 2.4482
588 2.4471
589 2.4459
590 2.4448
591 2.4436
592 2.4424
593 2.4413
594 2.4401
595 2.4390
596 2.4378
597 2.4367
598 2.4355
599 2.4344
600 2.4332
601 2.4321
602 2.4310
603 2.4298
604 2.4287
605 2.4276
606 2.4264
607 2.4253
608 2.4242
609 2.4230
610 2.4219
611 2.4208
612 2.4197
613 2.4186
614 2.4175
615 2.4164
616 2.4153
617 2.4142
618 2.4131
619 2.4120
620 2.4109
621 2.4098
622 2.4087
623 2.4076
624 2.4065
625 2.4054
626 2.4043
627 2.4032
628 2.4022
629 2.4011
630 2.4000
631 2.3989
632 2.3979
633 2.3968
634 2.3957
635 2.3946
636 2.3936
637 2.3925
638 2.3914
639 2.3904
640 2.3893
641 2.3883
642 2.3872
643 2.3862
644 2.3851
645 2.3841
646 2.3830
647 2.3820
648 2.3809
649 2.3799
650 2.3789
651 2.3778
652 2.3768
653 2.3757
654 2.3747
655 2.3737
656 2.3727
657 2.3716
658 2.3706
659 2.3696
660 2.3686
661 2.3676
662 2.3665
663 2.3655
664 2.3645
665 2.3635
666 2.3625
667 2.3615
668 2.3605
669 2.3595
670 2.3585
671 2.3575
672 2.3565
673 2.3555
674 2.3545
675 2.3535
676 2.3525
677 2.3515
678 2.3505
679 2.3495
680 2.3485
681 2.3475
682 2.3466
683 2.3456
684 2.3446
685 2.3436
686 2.3427
687 2.3417
688 2.3407
689 2.3397
690 2.3388
691 2.3378
692 2.3368
693 2.3359
694 2.3349
695 2.3339
696 2.3330
697 2.3320
698 2.3311
699 2.3301
700 2.3291
