0 6.9349
1 6.6579
2 6.4101
3 6.1642
4 5.9156
5 5.6806
6 5.4810
7 5.3058
8 5.1426
9 5.0019
10 4.8729
11 4.7404
12 4.6146
13 4.5151
14 4.4345
15 4.3548
16 4.2765
17 4.2105
18 4.1511
19 4.0893
20 4.0356
21 3.9912
22 3.9528
23 3.9152
24 3.8776
25 3.8427
26 3.8096
27 3.7791
28 3.7497
29 3.7221
30 3.6941
31 3.6664
32 3.6381
33 3.6109
34 3.5831
35 3.5567
36 3.5300
37 3.5039
38 3.4778
39 3.4527
40 3.4273
41 3.4019
42 3.3770
43 3.3526
44 3.3284
45 3.3044
46 3.2817
47 3.2596
48 3.2384
49 3.2175
50 3.1966
51 3.1762
52 3.1564
53 3.1372
54 3.1186
55 3.1004
56 3.0840
57 3.0659
58 3.0504
59 3.0345
60 3.0201
61 3.0052
62 2.9927
63 2.9780
64 2.9662
65 2.9528
66 2.9419
67 2.9299
68 2.9194
69 2.9090
70 2.8986
71 2.8890
72 2.8797
73 2.8699
74 2.8610
75 2.8519
76 2.8425
77 2.8339
78 2.8245
79 2.8147
80 2.8068
81 2.7964
82 2.7892
83 2.7797
84 2.7715
85 2.7632
86 2.7550
87 2.7473
88 2.7390
89 2.7325
90 2.7248
91 2.7187
92 2.7126
93 2.7031
94 2.6978
95 2.6903
96 2.6838
97 2.6775
98 2.6703
99 2.6657
100 2.6592
101 2.6519
102 2.6461
103 2.6401
104 2.6338
105 2.6281
106 2.6216
107 2.6169
108 2.6104
109 2.6047
110 2.5988
111 2.5928
112 2.5872
113 2.5819
114 2.5760
115 2.5705
116 2.5645
117 2.5595
118 2.5534
119 2.5485
120 2.5428
121 2.5371
122 2.5316
123 2.5263
124 2.5211
125 2.5150
126 2.5105
127 2.5044
128 2.5012
129 2.4956
130 2.4898
131 2.4868
132 2.4794
133 2.4798
134 2.4748
135 2.4677
136 2.4643
137 2.4618
138 2.4564
139 2.4514
140 2.4479
141 2.4436
142 2.4396
143 2.4383
144 2.4331
145 2.4322
146 2.4285
147 2.4228
148 2.4195
