0 6.9703
1 5.9013
2 7.8842
3 4.9807
4 4.7035
5 4.3074
6 4.2559
7 3.9425
8 3.8637
9 3.7621
10 3.6974
11 3.5910
12 3.5409
13 3.4462
14 3.3906
15 3.3333
16 3.2622
17 3.2313
18 3.1835
19 3.1413
20 3.0857
21 3.0449
22 3.0024
23 2.9654
24 2.9363
25 2.8879
26 2.8680
27 2.8407
28 2.7951
29 2.7801
30 2.7453
31 2.7148
32 2.6815
33 2.6687
34 2.6291
35 2.6169
36 2.5884
37 2.5710
38 2.5422
39 2.5257
40 2.5028
41 2.4654
42 2.4559
43 2.4273
44 2.4123
45 2.3890
46 2.3688
47 2.3593
48 2.3291
49 2.3132
50 2.2993
51 2.2699
52 2.2657
53 2.2458
54 2.2219
55 2.2138
56 2.1947
57 2.1630
58 2.1538
59 2.1378
60 2.1122
61 2.0961
62 2.0831
63 2.0620
64 2.0493
65 2.0394
66 2.0151
67 1.9884
68 1.9868
69 1.9631
70 1.9516
71 1.9363
72 1.9337
73 1.8982
74 1.9154
75 1.8840
76 1.8845
77 1.8619
78 1.8435
79 1.8440
80 1.8007
81 1.8167
82 1.7997
83 1.7624
84 1.7610
85 1.7402
86 1.7148
87 1.7207
88 1.6888
89 1.6927
90 1.6693
91 1.6632
92 1.6642
93 1.6373
94 1.6161
95 1.6032
96 1.5922
97 1.5756
98 1.5735
99 1.5498
100 1.5470
101 1.5328
102 1.5302
103 1.5045
104 1.5123
